title "this is the input stream for a planetary nebula"
# shape of incident radiation field as ordered pairs giving the energy and intensity
interpolate (10.47682 -18.0935) (10.47984 -18.0875) (10.48286 -18.0814) 
continue (10.48589 -18.0753) (10.48891 -18.0692) (10.49193 -18.0631) 
continue (10.49495 -18.0570) (10.49797 -18.0510) (10.50100 -18.0449) 
continue (10.50402 -18.0388) (10.50704 -18.0328) (10.51006 -18.0268) 
continue (10.51308 -18.0208) (10.51611 -18.0147) (10.51913 -18.0087) 
continue (10.52215 -18.0027) (10.52517 -17.9966) (10.52819 -17.9906) 
continue (10.53122 -17.9846) (10.53424 -17.9785) (10.53726 -17.9725) 
continue (10.54028 -17.9664) (10.54330 -17.9604) (10.54633 -17.9543) 
continue (10.54935 -17.9483) (10.55237 -17.9423) (10.55539 -17.9362) 
continue (10.55841 -17.9302) (10.56144 -17.9241) (10.56446 -17.9181) 
continue (10.56748 -17.9120) (10.57050 -17.9060) (10.57352 -17.8999) 
continue (10.57655 -17.8939) (10.57957 -17.8879) (10.58259 -17.8818) 
continue (10.58561 -17.8758) (10.58863 -17.8697) (10.59166 -17.8637) 
continue (10.59468 -17.8576) (10.59770 -17.8516) (10.60072 -17.8456) 
continue (10.60374 -17.8395) (10.60677 -17.8335) (10.60979 -17.8274) 
continue (10.61281 -17.8214) (10.61583 -17.8153) (10.61885 -17.8093) 
continue (10.62188 -17.8032) (10.62490 -17.7972) (10.62792 -17.7911) 
continue (10.63094 -17.7851) (10.63396 -17.7791) (10.63699 -17.7730) 
continue (10.64001 -17.7670) (10.64303 -17.7609) (10.64605 -17.7549) 
continue (10.64907 -17.7488) (10.65210 -17.7428) (10.65512 -17.7367) 
continue (10.65814 -17.7307) (10.66116 -17.7247) (10.66418 -17.7186) 
continue (10.66721 -17.7126) (10.67023 -17.7065) (10.67325 -17.7005) 
continue (10.67627 -17.6945) (10.67929 -17.6884) (10.68232 -17.6824) 
continue (10.68534 -17.6763) (10.68836 -17.6703) (10.69138 -17.6642) 
continue (10.69440 -17.6582) (10.69743 -17.6521) (10.70045 -17.6461) 
continue (10.70347 -17.6400) (10.70649 -17.6340) (10.70951 -17.6280) 
continue (10.71254 -17.6219) (10.71556 -17.6159) (10.71858 -17.6098) 
continue (10.72160 -17.6038) (10.72462 -17.5978) (10.72765 -17.5917) 
continue (10.73067 -17.5856) (10.73369 -17.5796) (10.73671 -17.5736) 
continue (10.73973 -17.5675) (10.74276 -17.5615) (10.74578 -17.5554) 
continue (10.74880 -17.5494) (10.75182 -17.5433) (10.75484 -17.5373) 
continue (10.75787 -17.5313) (10.76089 -17.5252) (10.76391 -17.5192) 
continue (10.76693 -17.5131) (10.76995 -17.5071) (10.77298 -17.5010) 
continue (10.77600 -17.4950) (10.77902 -17.4889) (10.78204 -17.4829) 
continue (10.78506 -17.4769) (10.78809 -17.4708) (10.79111 -17.4648) 
continue (10.79413 -17.4587) (10.79715 -17.4527) (10.80017 -17.4466) 
continue (10.80320 -17.4406) (10.80622 -17.4346) (10.80924 -17.4285) 
continue (10.81226 -17.4225) (10.81528 -17.4164) (10.81831 -17.4104) 
continue (10.82133 -17.4043) (10.82435 -17.3983) (10.82737 -17.3922) 
continue (10.83039 -17.3862) (10.83342 -17.3802) (10.83644 -17.3741) 
continue (10.83946 -17.3681) (10.84248 -17.3620) (10.84550 -17.3560) 
continue (10.84853 -17.3499) (10.85155 -17.3439) (10.85457 -17.3378) 
continue (10.85759 -17.3318) (10.86061 -17.3258) (10.86364 -17.3197) 
continue (10.86666 -17.3137) (10.86968 -17.3076) (10.87270 -17.3016) 
continue (10.87572 -17.2955) (10.87875 -17.2895) (10.88177 -17.2835) 
continue (10.88479 -17.2774) (10.88781 -17.2714) (10.89083 -17.2653) 
continue (10.89386 -17.2593) (10.89688 -17.2532) (10.89990 -17.2472) 
continue (10.90292 -17.2411) (10.90594 -17.2351) (10.90897 -17.2291) 
continue (10.91199 -17.2230) (10.91501 -17.2170) (10.91803 -17.2109) 
continue (10.92105 -17.2049) (10.92408 -17.1988) (10.92710 -17.1928) 
continue (10.93012 -17.1867) (10.93314 -17.1807) (10.93616 -17.1747) 
continue (10.93919 -17.1686) (10.94221 -17.1626) (10.94523 -17.1565) 
continue (10.94825 -17.1505) (10.95127 -17.1444) (10.95430 -17.1384) 
continue (10.95732 -17.1324) (10.96034 -17.1263) (10.96336 -17.1203) 
continue (10.96638 -17.1142) (10.96941 -17.1082) (10.97243 -17.1021) 
continue (10.97545 -17.0961) (10.97847 -17.0900) (10.98149 -17.0840) 
continue (10.98452 -17.0780) (10.98754 -17.0719) (10.99056 -17.0659) 
continue (10.99358 -17.0598) (10.99660 -17.0538) (10.99963 -17.0477) 
continue (11.00265 -17.0417) (11.00567 -17.0357) (11.00869 -17.0296) 
continue (11.01171 -17.0236) (11.01473 -17.0175) (11.01776 -17.0115) 
continue (11.02078 -17.0054) (11.02380 -16.9994) (11.02682 -16.9933) 
continue (11.02984 -16.9873) (11.03287 -16.9813) (11.03589 -16.9752) 
continue (11.03891 -16.9692) (11.04193 -16.9631) (11.04495 -16.9571) 
continue (11.04798 -16.9510) (11.05100 -16.9450) (11.05402 -16.9389) 
continue (11.05704 -16.9329) (11.06006 -16.9269) (11.06309 -16.9208) 
continue (11.06611 -16.9148) (11.06913 -16.9087) (11.07215 -16.9027) 
continue (11.07517 -16.8966) (11.07820 -16.8906) (11.08122 -16.8846) 
continue (11.08424 -16.8785) (11.08726 -16.8725) (11.09028 -16.8664) 
continue (11.09331 -16.8604) (11.09633 -16.8543) (11.09935 -16.8483) 
continue (11.10237 -16.8422) (11.10539 -16.8362) (11.10842 -16.8302) 
continue (11.11144 -16.8241) (11.11446 -16.8181) (11.11748 -16.8120) 
continue (11.12050 -16.8060) (11.12353 -16.7999) (11.12655 -16.7939) 
continue (11.12957 -16.7879) (11.13259 -16.7818) (11.13561 -16.7758) 
continue (11.13864 -16.7697) (11.14166 -16.7637) (11.14468 -16.7576) 
continue (11.14770 -16.7516) (11.15072 -16.7455) (11.15375 -16.7395) 
continue (11.15677 -16.7335) (11.15979 -16.7274) (11.16281 -16.7214) 
continue (11.16583 -16.7153) (11.16886 -16.7093) (11.17188 -16.7032) 
continue (11.17490 -16.6972) (11.17792 -16.6911) (11.18094 -16.6851) 
continue (11.18397 -16.6791) (11.18699 -16.6730) (11.19001 -16.6670) 
continue (11.19303 -16.6609) (11.19605 -16.6549) (11.19908 -16.6488) 
continue (11.20210 -16.6428) (11.20512 -16.6368) (11.20814 -16.6307) 
continue (11.21116 -16.6247) (11.21419 -16.6186) (11.21721 -16.6126) 
continue (11.22023 -16.6065) (11.22325 -16.6005) (11.22627 -16.5944) 
continue (11.22930 -16.5884) (11.23232 -16.5824) (11.23534 -16.5763) 
continue (11.23836 -16.5703) (11.24138 -16.5642) (11.24441 -16.5582) 
continue (11.24743 -16.5521) (11.25045 -16.5461) (11.25347 -16.5400) 
continue (11.25649 -16.5340) (11.25952 -16.5280) (11.26254 -16.5219) 
continue (11.26556 -16.5159) (11.26858 -16.5098) (11.27160 -16.5038) 
continue (11.27463 -16.4977) (11.27765 -16.4917) (11.28067 -16.4857) 
continue (11.28369 -16.4796) (11.28671 -16.4736) (11.28974 -16.4675) 
continue (11.29276 -16.4615) (11.29578 -16.4554) (11.29880 -16.4494) 
continue (11.30182 -16.4433) (11.30485 -16.4373) (11.30787 -16.4313) 
continue (11.31089 -16.4252) (11.31391 -16.4192) (11.31693 -16.4131) 
continue (11.31996 -16.4071) (11.32298 -16.4010) (11.32600 -16.3950) 
continue (11.32902 -16.3890) (11.33204 -16.3829) (11.33507 -16.3769) 
continue (11.33809 -16.3712) (11.34111 -16.3659) (11.34413 -16.3590) 
continue (11.34715 -16.3527) (11.35018 -16.3466) (11.35320 -16.3407) 
continue (11.35622 -16.3356) (11.35924 -16.3292) (11.36226 -16.3231) 
continue (11.36529 -16.3177) (11.36831 -16.3119) (11.37133 -16.3059) 
continue (11.37435 -16.2999) (11.37737 -16.2938) (11.38040 -16.2878) 
continue (11.38342 -16.2817) (11.38644 -16.2757) (11.38946 -16.2697) 
continue (11.39248 -16.2636) (11.39551 -16.2576) (11.39853 -16.2504) 
continue (11.40155 -16.2426) (11.40457 -16.2363) (11.40759 -16.2302) 
continue (11.41062 -16.2242) (11.41364 -16.2181) (11.41666 -16.2121) 
continue (11.41968 -16.2060) (11.42270 -16.2000) (11.42573 -16.1940) 
continue (11.42875 -16.1879) (11.43177 -16.1819) (11.43479 -16.1758) 
continue (11.43781 -16.1698) (11.44084 -16.1637) (11.44386 -16.1577) 
continue (11.44688 -16.1516) (11.44990 -16.1456) (11.45292 -16.1396) 
continue (11.45595 -16.1335) (11.45897 -16.1275) (11.46199 -16.1214) 
continue (11.46501 -16.1154) (11.46803 -16.1093) (11.47106 -16.1033) 
continue (11.47408 -16.0972) (11.47710 -16.0912) (11.48012 -16.0852) 
continue (11.48314 -16.0791) (11.48617 -16.0731) (11.48919 -16.0670) 
continue (11.49221 -16.0610) (11.49523 -16.0549) (11.49825 -16.0489) 
continue (11.50128 -16.0429) (11.50430 -16.0368) (11.50732 -16.0308) 
continue (11.51034 -16.0247) (11.51336 -16.0187) (11.51639 -16.0126) 
continue (11.51941 -16.0066) (11.52243 -16.0005) (11.52545 -15.9945) 
continue (11.52847 -15.9885) (11.53150 -15.9824) (11.53452 -15.9764) 
continue (11.53754 -15.9703) (11.54056 -15.9643) (11.54358 -15.9582) 
continue (11.54661 -15.9522) (11.54963 -15.9462) (11.55265 -15.9401) 
continue (11.55567 -15.9341) (11.55869 -15.9280) (11.56172 -15.9220) 
continue (11.56474 -15.9159) (11.56776 -15.9099) (11.57078 -15.9038) 
continue (11.57380 -15.8978) (11.57683 -15.8918) (11.57985 -15.8857) 
continue (11.58287 -15.8797) (11.58589 -15.8736) (11.58891 -15.8676) 
continue (11.59194 -15.8615) (11.59496 -15.8555) (11.59798 -15.8494) 
continue (11.60100 -15.8434) (11.60402 -15.8374) (11.60705 -15.8313) 
continue (11.61007 -15.8253) (11.61309 -15.8193) (11.61611 -15.8144) 
continue (11.61913 -15.8078) (11.62216 -15.8016) (11.62518 -15.7966) 
continue (11.62820 -15.7906) (11.63122 -15.7845) (11.63424 -15.7785) 
continue (11.63726 -15.7725) (11.64029 -15.7664) (11.64331 -15.7604) 
continue (11.64633 -15.7543) (11.64935 -15.7483) (11.65237 -15.7422) 
continue (11.65540 -15.7362) (11.65842 -15.7301) (11.66144 -15.7241) 
continue (11.66446 -15.7179) (11.66748 -15.7098) (11.67051 -15.7028) 
continue (11.67353 -15.6968) (11.67655 -15.6907) (11.67957 -15.6847) 
continue (11.68259 -15.6786) (11.68562 -15.6726) (11.68864 -15.6666) 
continue (11.69166 -15.6605) (11.69468 -15.6545) (11.69770 -15.6484) 
continue (11.70073 -15.6424) (11.70375 -15.6363) (11.70677 -15.6303) 
continue (11.70979 -15.6242) (11.71281 -15.6182) (11.71584 -15.6122) 
continue (11.71886 -15.6061) (11.72188 -15.6001) (11.72490 -15.5940) 
continue (11.72792 -15.5880) (11.73095 -15.5820) (11.73397 -15.5764) 
continue (11.73699 -15.5714) (11.74001 -15.5654) (11.74303 -15.5593) 
continue (11.74606 -15.5533) (11.74908 -15.5473) (11.75210 -15.5412) 
continue (11.75512 -15.5352) (11.75814 -15.5291) (11.76117 -15.5231) 
continue (11.76419 -15.5170) (11.76721 -15.5110) (11.77023 -15.5049) 
continue (11.77325 -15.4989) (11.77628 -15.4929) (11.77930 -15.4868) 
continue (11.78232 -15.4808) (11.78534 -15.4747) (11.78836 -15.4684) 
continue (11.79139 -15.4605) (11.79441 -15.4535) (11.79743 -15.4474) 
continue (11.80045 -15.4414) (11.80347 -15.4353) (11.80650 -15.4293) 
continue (11.80952 -15.4236) (11.81254 -15.4186) (11.81556 -15.4127) 
continue (11.81858 -15.4067) (11.82161 -15.4006) (11.82463 -15.3946) 
continue (11.82765 -15.3885) (11.83067 -15.3825) (11.83369 -15.3764) 
continue (11.83672 -15.3704) (11.83974 -15.3643) (11.84276 -15.3583) 
continue (11.84578 -15.3523) (11.84880 -15.3462) (11.85183 -15.3402) 
continue (11.85485 -15.3341) (11.85787 -15.3281) (11.86089 -15.3220) 
continue (11.86391 -15.3137) (11.86694 -15.3078) (11.86996 -15.3023) 
continue (11.87298 -15.2963) (11.87600 -15.2903) (11.87902 -15.2842) 
continue (11.88205 -15.2782) (11.88507 -15.2721) (11.88809 -15.2661) 
continue (11.89111 -15.2600) (11.89413 -15.2540) (11.89716 -15.2479) 
continue (11.90018 -15.2419) (11.90320 -15.2359) (11.90622 -15.2298) 
continue (11.90924 -15.2238) (11.91227 -15.2177) (11.91529 -15.2117) 
continue (11.91831 -15.2057) (11.92133 -15.1999) (11.92435 -15.1948) 
continue (11.92738 -15.1871) (11.93040 -15.1800) (11.93342 -15.1739) 
continue (11.93644 -15.1678) (11.93946 -15.1618) (11.94249 -15.1557) 
continue (11.94551 -15.1497) (11.94853 -15.1436) (11.95155 -15.1376) 
continue (11.95457 -15.1315) (11.95760 -15.1255) (11.96062 -15.1195) 
continue (11.96364 -15.1134) (11.96666 -15.1074) (11.96968 -15.1016) 
continue (11.97271 -15.0967) (11.97573 -15.0908) (11.97875 -15.0847) 
continue (11.98177 -15.0787) (11.98479 -15.0727) (11.98782 -15.0663) 
continue (11.99084 -15.0588) (11.99386 -15.0514) (11.99688 -15.0454) 
continue (11.99990 -15.0393) (12.00293 -15.0333) (12.00595 -15.0272) 
continue (12.00897 -15.0212) (12.01199 -15.0151) (12.01501 -15.0091) 
continue (12.01804 -15.0031) (12.02106 -14.9970) (12.02408 -14.9910) 
continue (12.02710 -14.9856) (12.03012 -14.9803) (12.03315 -14.9744) 
continue (12.03617 -14.9684) (12.03919 -14.9623) (12.04221 -14.9563) 
continue (12.04523 -14.9502) (12.04826 -14.9442) (12.05128 -14.9378) 
continue (12.05430 -14.9306) (12.05732 -14.9229) (12.06034 -14.9169) 
continue (12.06337 -14.9108) (12.06639 -14.9048) (12.06941 -14.8988) 
continue (12.07243 -14.8927) (12.07545 -14.8867) (12.07848 -14.8813) 
continue (12.08150 -14.8761) (12.08452 -14.8701) (12.08754 -14.8640) 
continue (12.09056 -14.8580) (12.09359 -14.8514) (12.09661 -14.8430) 
continue (12.09963 -14.8379) (12.10265 -14.8323) (12.10567 -14.8262) 
continue (12.10870 -14.8202) (12.11172 -14.8141) (12.11474 -14.8081) 
continue (12.11776 -14.8017) (12.12078 -14.7945) (12.12381 -14.7878) 
continue (12.12683 -14.7795) (12.12985 -14.7705) (12.13287 -14.7618) 
continue (12.13589 -14.7541) (12.13892 -14.7456) (12.14194 -14.7361) 
continue (12.14496 -14.7258) (12.14798 -14.7174) (12.15100 -14.7092) 
continue (12.15403 -14.7016) (12.15705 -14.6945) (12.16007 -14.6865) 
continue (12.16309 -14.6786) (12.16611 -14.6700) (12.16914 -14.6605) 
continue (12.17216 -14.6526) (12.17518 -14.6458) (12.17820 -14.6389) 
continue (12.18122 -14.6314) (12.18425 -14.6240) (12.18727 -14.6167) 
continue (12.19029 -14.6085) (12.19331 -14.5999) (12.19633 -14.5933) 
continue (12.19936 -14.5865) (12.20238 -14.5795) (12.20540 -14.5725) 
continue (12.20842 -14.5656) (12.21144 -14.5593) (12.21447 -14.5518) 
continue (12.21749 -14.5437) (12.22051 -14.5369) (12.22353 -14.5302) 
continue (12.22655 -14.5235) (12.22958 -14.5170) (12.23260 -14.5112) 
continue (12.23562 -14.5047) (12.23864 -14.4971) (12.24166 -14.4894) 
continue (12.24469 -14.4827) (12.24771 -14.4763) (12.25073 -14.4705) 
continue (12.25375 -14.4648) (12.25677 -14.4584) (12.25979 -14.4521) 
continue (12.26282 -14.4445) (12.26584 -14.4368) (12.26886 -14.4305) 
continue (12.27188 -14.4253) (12.27490 -14.4193) (12.27793 -14.4130) 
continue (12.28095 -14.4068) (12.28397 -14.4006) (12.28699 -14.3943) 
continue (12.29001 -14.3877) (12.29304 -14.3807) (12.29606 -14.3745) 
continue (12.29908 -14.3683) (12.30210 -14.3622) (12.30512 -14.3561) 
continue (12.30815 -14.3500) (12.31117 -14.3439) (12.31419 -14.3378) 
continue (12.31721 -14.3317) (12.32023 -14.3248) (12.32326 -14.3185) 
continue (12.32628 -14.3124) (12.32930 -14.3063) (12.33232 -14.3002) 
continue (12.33534 -14.2939) (12.33837 -14.2877) (12.34139 -14.2818) 
continue (12.34441 -14.2763) (12.34743 -14.2702) (12.35045 -14.2640) 
continue (12.35348 -14.2574) (12.35650 -14.2492) (12.35952 -14.2428) 
continue (12.36254 -14.2367) (12.36556 -14.2306) (12.36859 -14.2245) 
continue (12.37161 -14.2184) (12.37463 -14.2129) (12.37765 -14.2076) 
continue (12.38067 -14.2015) (12.38370 -14.1955) (12.38672 -14.1895) 
continue (12.38974 -14.1830) (12.39276 -14.1757) (12.39578 -14.1691) 
continue (12.39881 -14.1627) (12.40183 -14.1564) (12.40485 -14.1501) 
continue (12.40787 -14.1447) (12.41089 -14.1388) (12.41392 -14.1325) 
continue (12.41694 -14.1263) (12.41996 -14.1201) (12.42298 -14.1139) 
continue (12.42600 -14.1077) (12.42903 -14.1015) (12.43205 -14.0954) 
continue (12.43507 -14.0892) (12.43809 -14.0831) (12.44111 -14.0770) 
continue (12.44414 -14.0701) (12.44716 -14.0629) (12.45018 -14.0562) 
continue (12.45320 -14.0502) (12.45622 -14.0445) (12.45925 -14.0391) 
continue (12.46227 -14.0335) (12.46529 -14.0275) (12.46831 -14.0215) 
continue (12.47133 -14.0155) (12.47436 -14.0096) (12.47738 -14.0036) 
continue (12.48040 -13.9972) (12.48342 -13.9916) (12.48644 -13.9846) 
continue (12.48947 -13.9768) (12.49249 -13.9705) (12.49551 -13.9651) 
continue (12.49853 -13.9581) (12.50155 -13.9504) (12.50458 -13.9442) 
continue (12.50760 -13.9389) (12.51062 -13.9331) (12.51364 -13.9264) 
continue (12.51666 -13.9183) (12.51969 -13.9121) (12.52271 -13.9065) 
continue (12.52573 -13.9011) (12.52875 -13.8950) (12.53177 -13.8870) 
continue (12.53480 -13.8810) (12.53782 -13.8756) (12.54084 -13.8696) 
continue (12.54386 -13.8635) (12.54688 -13.8582) (12.54991 -13.8521) 
continue (12.55293 -13.8443) (12.55595 -13.8383) (12.55897 -13.8324) 
continue (12.56199 -13.8268) (12.56502 -13.8218) (12.56804 -13.8159) 
continue (12.57106 -13.8085) (12.57408 -13.8013) (12.57710 -13.7949) 
continue (12.58013 -13.7884) (12.58315 -13.7827) (12.58617 -13.7769) 
continue (12.58919 -13.7705) (12.59221 -13.7641) (12.59524 -13.7577) 
continue (12.59826 -13.7504) (12.60128 -13.7426) (12.60430 -13.7364) 
continue (12.60732 -13.7309) (12.61035 -13.7251) (12.61337 -13.7190) 
continue (12.61639 -13.7128) (12.61941 -13.7066) (12.62243 -13.7005) 
continue (12.62546 -13.6943) (12.62848 -13.6882) (12.63150 -13.6821) 
continue (12.63452 -13.6760) (12.63754 -13.6695) (12.64057 -13.6615) 
continue (12.64359 -13.6554) (12.64661 -13.6499) (12.64963 -13.6446) 
continue (12.65265 -13.6386) (12.65568 -13.6326) (12.65870 -13.6267) 
continue (12.66172 -13.6207) (12.66474 -13.6148) (12.66776 -13.6088) 
continue (12.67079 -13.6029) (12.67381 -13.5970) (12.67683 -13.5911) 
continue (12.67985 -13.5852) (12.68287 -13.5793) (12.68590 -13.5734) 
continue (12.68892 -13.5676) (12.69194 -13.5617) (12.69496 -13.5559) 
continue (12.69798 -13.5498) (12.70101 -13.5435) (12.70403 -13.5368) 
continue (12.70705 -13.5302) (12.71007 -13.5236) (12.71309 -13.5170) 
continue (12.71612 -13.5105) (12.71914 -13.5039) (12.72216 -13.4975) 
continue (12.72518 -13.4910) (12.72820 -13.4846) (12.73123 -13.4782) 
continue (12.73425 -13.4719) (12.73727 -13.4655) (12.74029 -13.4592) 
continue (12.74331 -13.4529) (12.74634 -13.4467) (12.74936 -13.4404) 
continue (12.75238 -13.4342) (12.75540 -13.4280) (12.75842 -13.4219) 
continue (12.76145 -13.4157) (12.76447 -13.4096) (12.76749 -13.4042) 
continue (12.77051 -13.3986) (12.77353 -13.3926) (12.77656 -13.3865) 
continue (12.77958 -13.3787) (12.78260 -13.3719) (12.78562 -13.3659) 
continue (12.78864 -13.3599) (12.79167 -13.3539) (12.79469 -13.3480) 
continue (12.79771 -13.3423) (12.80073 -13.3372) (12.80375 -13.3313) 
continue (12.80678 -13.3253) (12.80980 -13.3188) (12.81282 -13.3112) 
continue (12.81584 -13.3052) (12.81886 -13.2993) (12.82189 -13.2934) 
continue (12.82491 -13.2876) (12.82793 -13.2817) (12.83095 -13.2759) 
continue (12.83397 -13.2705) (12.83700 -13.2654) (12.84002 -13.2597) 
continue (12.84304 -13.2539) (12.84606 -13.2481) (12.84908 -13.2423) 
continue (12.85211 -13.2365) (12.85513 -13.2307) (12.85815 -13.2249) 
continue (12.86117 -13.2192) (12.86419 -13.2134) (12.86722 -13.2076) 
continue (12.87024 -13.2019) (12.87326 -13.1960) (12.87628 -13.1894) 
continue (12.87930 -13.1806) (12.88232 -13.1723) (12.88535 -13.1648) 
continue (12.88837 -13.1576) (12.89139 -13.1504) (12.89441 -13.1433) 
continue (12.89743 -13.1362) (12.90046 -13.1292) (12.90348 -13.1223) 
continue (12.90650 -13.1154) (12.90952 -13.1085) (12.91254 -13.1017) 
continue (12.91557 -13.0949) (12.91859 -13.0882) (12.92161 -13.0815) 
continue (12.92463 -13.0749) (12.92765 -13.0683) (12.93068 -13.0618) 
continue (12.93370 -13.0555) (12.93672 -13.0500) (12.93974 -13.0436) 
continue (12.94276 -13.0372) (12.94579 -13.0308) (12.94881 -13.0244) 
continue (12.95183 -13.0181) (12.95485 -13.0118) (12.95787 -13.0056) 
continue (12.96090 -12.9994) (12.96392 -12.9932) (12.96694 -12.9870) 
continue (12.96996 -12.9808) (12.97298 -12.9747) (12.97601 -12.9686) 
continue (12.97903 -12.9625) (12.98205 -12.9565) (12.98507 -12.9502) 
continue (12.98809 -12.9424) (12.99112 -12.9360) (12.99414 -12.9300) 
continue (12.99716 -12.9242) (13.00018 -12.9200) (13.00320 -12.9145) 
continue (13.00623 -12.9087) (13.00925 -12.9026) (13.01227 -12.8959) 
continue (13.01529 -12.8912) (13.01831 -12.8862) (13.02134 -12.8804) 
continue (13.02436 -12.8737) (13.02738 -12.8678) (13.03040 -12.8629) 
continue (13.03342 -12.8585) (13.03645 -12.8519) (13.03947 -12.8459) 
continue (13.04249 -12.8401) (13.04551 -12.8344) (13.04853 -12.8287) 
continue (13.05156 -12.8229) (13.05458 -12.8172) (13.05760 -12.8115) 
continue (13.06062 -12.8058) (13.06364 -12.8001) (13.06667 -12.7945) 
continue (13.06969 -12.7891) (13.07271 -12.7843) (13.07573 -12.7787) 
continue (13.07875 -12.7730) (13.08178 -12.7673) (13.08480 -12.7614) 
continue (13.08782 -12.7544) (13.09084 -12.7481) (13.09386 -12.7424) 
continue (13.09689 -12.7368) (13.09991 -12.7311) (13.10293 -12.7255) 
continue (13.10595 -12.7199) (13.10897 -12.7143) (13.11200 -12.7087) 
continue (13.11502 -12.7031) (13.11804 -12.6979) (13.12106 -12.6932) 
continue (13.12408 -12.6875) (13.12711 -12.6806) (13.13013 -12.6744) 
continue (13.13315 -12.6696) (13.13617 -12.6640) (13.13919 -12.6584) 
continue (13.14222 -12.6528) (13.14524 -12.6472) (13.14826 -12.6417) 
continue (13.15128 -12.6360) (13.15430 -12.6295) (13.15733 -12.6226) 
continue (13.16035 -12.6179) (13.16337 -12.6125) (13.16639 -12.6070) 
continue (13.16941 -12.6014) (13.17244 -12.5958) (13.17546 -12.5898) 
continue (13.17848 -12.5831) (13.18150 -12.5757) (13.18452 -12.5685) 
continue (13.18755 -12.5612) (13.19057 -12.5541) (13.19359 -12.5470) 
continue (13.19661 -12.5400) (13.19963 -12.5339) (13.20266 -12.5274) 
continue (13.20568 -12.5205) (13.20870 -12.5137) (13.21172 -12.5063) 
continue (13.21474 -12.5004) (13.21777 -12.4945) (13.22079 -12.4871) 
continue (13.22381 -12.4820) (13.22683 -12.4755) (13.22985 -12.4688) 
continue (13.23288 -12.4631) (13.23590 -12.4579) (13.23892 -12.4523) 
continue (13.24194 -12.4462) (13.24496 -12.4393) (13.24799 -12.4337) 
continue (13.25101 -12.4283) (13.25403 -12.4227) (13.25705 -12.4166) 
continue (13.26007 -12.4111) (13.26310 -12.4060) (13.26612 -12.4009) 
continue (13.26914 -12.3954) (13.27216 -12.3895) (13.27518 -12.3841) 
continue (13.27821 -12.3794) (13.28123 -12.3752) (13.28425 -12.3684) 
continue (13.28727 -12.3629) (13.29029 -12.3578) (13.29332 -12.3525) 
continue (13.29634 -12.3459) (13.29936 -12.3415) (13.30238 -12.3360) 
continue (13.30540 -12.3300) (13.30843 -12.3255) (13.31145 -12.3192) 
continue (13.31447 -12.3131) (13.31749 -12.3073) (13.32051 -12.3016) 
continue (13.32354 -12.2967) (13.32656 -12.2913) (13.32958 -12.2856) 
continue (13.33260 -12.2799) (13.33562 -12.2742) (13.33865 -12.2686) 
continue (13.34167 -12.2633) (13.34469 -12.2584) (13.34771 -12.2528) 
continue (13.35073 -12.2472) (13.35376 -12.2415) (13.35678 -12.2359) 
continue (13.35980 -12.2303) (13.36282 -12.2247) (13.36584 -12.2191) 
continue (13.36887 -12.2135) (13.37189 -12.2070) (13.37491 -12.2011) 
continue (13.37793 -12.1954) (13.38095 -12.1896) (13.38398 -12.1835) 
continue (13.38700 -12.1782) (13.39002 -12.1725) (13.39304 -12.1660) 
continue (13.39606 -12.1606) (13.39909 -12.1547) (13.40211 -12.1483) 
continue (13.40513 -12.1417) (13.40815 -12.1353) (13.41117 -12.1293) 
continue (13.41420 -12.1230) (13.41722 -12.1162) (13.42024 -12.1111) 
continue (13.42326 -12.1046) (13.42628 -12.0988) (13.42931 -12.0938) 
continue (13.43233 -12.0881) (13.43535 -12.0820) (13.43837 -12.0760) 
continue (13.44139 -12.0701) (13.44442 -12.0640) (13.44744 -12.0587) 
continue (13.45046 -12.0535) (13.45348 -12.0478) (13.45650 -12.0414) 
continue (13.45953 -12.0365) (13.46255 -12.0314) (13.46557 -12.0260) 
continue (13.46859 -12.0207) (13.47161 -12.0154) (13.47464 -12.0105) 
continue (13.47766 -12.0030) (13.48068 -11.9985) (13.48370 -11.9939) 
continue (13.48672 -11.9887) (13.48975 -11.9850) (13.49277 -11.9793) 
continue (13.49579 -11.9735) (13.49881 -11.9697) (13.50183 -11.9647) 
continue (13.50485 -11.9583) (13.50788 -11.9545) (13.51090 -11.9494) 
continue (13.51392 -11.9457) (13.51694 -11.9392) (13.51996 -11.9341) 
continue (13.52299 -11.9284) (13.52601 -11.9245) (13.52903 -11.9198) 
continue (13.53205 -11.9131) (13.53507 -11.9096) (13.53810 -11.9038) 
continue (13.54112 -11.8983) (13.54414 -11.8917) (13.54716 -11.8874) 
continue (13.55018 -11.8819) (13.55321 -11.8760) (13.55623 -11.8688) 
continue (13.55925 -11.8629) (13.56227 -11.8598) (13.56529 -11.8539) 
continue (13.56832 -11.8481) (13.57134 -11.8417) (13.57436 -11.8350) 
continue (13.57738 -11.8292) (13.58040 -11.8233) (13.58343 -11.8175) 
continue (13.58645 -11.8124) (13.58947 -11.8085) (13.59249 -11.8027) 
continue (13.59551 -11.7968) (13.59854 -11.7910) (13.60156 -11.7872) 
continue (13.60458 -11.7798) (13.60760 -11.7722) (13.61062 -11.7663) 
continue (13.61365 -11.7605) (13.61667 -11.7547) (13.61969 -11.7489) 
continue (13.62271 -11.7431) (13.62573 -11.7373) (13.62876 -11.7316) 
continue (13.63178 -11.7258) (13.63480 -11.7200) (13.63782 -11.7143) 
continue (13.64084 -11.7085) (13.64387 -11.7028) (13.64689 -11.6971) 
continue (13.64991 -11.6914) (13.65293 -11.6857) (13.65595 -11.6801) 
continue (13.65898 -11.6745) (13.66200 -11.6689) (13.66502 -11.6633) 
continue (13.66804 -11.6577) (13.67106 -11.6522) (13.67409 -11.6465) 
continue (13.67711 -11.6409) (13.68013 -11.6353) (13.68315 -11.6297) 
continue (13.68617 -11.6241) (13.68920 -11.6186) (13.69222 -11.6131) 
continue (13.69524 -11.6076) (13.69826 -11.6022) (13.70128 -11.5968) 
continue (13.70431 -11.5929) (13.70733 -11.5861) (13.71035 -11.5807) 
continue (13.71337 -11.5768) (13.71639 -11.5728) (13.71942 -11.5675) 
continue (13.72244 -11.5622) (13.72546 -11.5569) (13.72848 -11.5491) 
continue (13.73150 -11.5464) (13.73453 -11.5411) (13.73755 -11.5359) 
continue (13.74057 -11.5307) (13.74359 -11.5254) (13.74661 -11.5202) 
continue (13.74964 -11.5151) (13.75266 -11.5100) (13.75568 -11.5040) 
continue (13.75870 -11.4994) (13.76172 -11.4944) (13.76475 -11.4891) 
continue (13.76777 -11.4854) (13.77079 -11.4784) (13.77381 -11.4719) 
continue (13.77683 -11.4665) (13.77986 -11.4610) (13.78288 -11.4558) 
continue (13.78590 -11.4508) (13.78892 -11.4453) (13.79194 -11.4398) 
continue (13.79497 -11.4347) (13.79799 -11.4291) (13.80101 -11.4239) 
continue (13.80403 -11.4185) (13.80705 -11.4159) (13.81008 -11.4099) 
continue (13.81310 -11.4016) (13.81612 -11.3954) (13.81914 -11.3889) 
continue (13.82216 -11.3825) (13.82519 -11.3759) (13.82821 -11.3694) 
continue (13.83123 -11.3623) (13.83425 -11.3552) (13.83727 -11.3492) 
continue (13.84030 -11.3397) (13.84332 -11.3326) (13.84634 -11.3250) 
continue (13.84936 -11.3182) (13.85238 -11.3116) (13.85541 -11.3064) 
continue (13.85843 -11.2994) (13.86145 -11.2927) (13.86447 -11.2866) 
continue (13.86749 -11.2812) (13.87052 -11.2778) (13.87354 -11.2703) 
continue (13.87656 -11.2634) (13.87958 -11.2576) (13.88260 -11.2521) 
continue (13.88563 -11.2478) (13.88865 -11.2405) (13.89167 -11.2349) 
continue (13.89469 -11.2304) (13.89771 -11.2238) (13.90074 -11.2183) 
continue (13.90376 -11.2156) (13.90678 -11.2069) (13.90980 -11.2030) 
continue (13.91282 -11.1955) (13.91585 -11.1902) (13.91887 -11.1851) 
continue (13.92189 -11.1781) (13.92491 -11.1739) (13.92793 -11.1679) 
continue (13.93096 -11.1622) (13.93398 -11.1567) (13.93700 -11.1510) 
continue (13.94002 -11.1455) (13.94304 -11.1399) (13.94607 -11.1342) 
continue (13.94909 -11.1286) (13.95211 -11.1230) (13.95513 -11.1177) 
continue (13.95815 -11.1139) (13.96118 -11.1079) (13.96420 -11.1007) 
continue (13.96722 -11.0953) (13.97024 -11.0899) (13.97326 -11.0844) 
continue (13.97629 -11.0789) (13.97931 -11.0734) (13.98233 -11.0680) 
continue (13.98535 -11.0625) (13.98837 -11.0571) (13.99140 -11.0518) 
continue (13.99442 -11.0512) (13.99744 -11.0411) (14.00046 -11.0355) 
continue (14.00348 -11.0302) (14.00651 -11.0251) (14.00953 -11.0197) 
continue (14.01255 -11.0145) (14.01557 -11.0094) (14.01859 -11.0097) 
continue (14.02162 -10.9991) (14.02464 -10.9938) (14.02766 -10.9890) 
continue (14.03068 -10.9837) (14.03370 -10.9795) (14.03673 -10.9803) 
continue (14.03975 -10.9699) (14.04277 -10.9644) (14.04579 -10.9600) 
continue (14.04881 -10.9586) (14.05184 -10.9515) (14.05486 -10.9454) 
continue (14.05788 -10.9502) (14.06090 -10.9370) (14.06392 -10.9335) 
continue (14.06695 -10.9301) (14.06997 -10.9233) (14.07299 -10.9176) 
continue (14.07601 -10.9173) (14.07903 -10.9109) (14.08206 -10.9073) 
continue (14.08508 -10.9003) (14.08810 -10.9003) (14.09112 -10.8912) 
continue (14.09414 -10.8926) (14.09717 -10.8822) (14.10019 -10.8794) 
continue (14.10321 -10.8719) (14.10623 -10.8652) (14.10925 -10.8611) 
continue (14.11228 -10.8495) (14.11530 -10.8488) (14.11832 -10.8348) 
continue (14.12134 -10.8301) (14.12436 -10.8251) (14.12738 -10.8201) 
continue (14.13041 -10.8151) (14.13343 -10.8105) (14.13645 -10.8051) 
continue (14.13947 -10.8010) (14.14249 -10.7988) (14.14552 -10.7900) 
continue (14.14854 -10.7852) (14.15156 -10.7807) (14.15458 -10.7755) 
continue (14.15760 -10.7704) (14.16063 -10.7656) (14.16365 -10.7606) 
continue (14.16667 -10.7556) (14.16969 -10.7510) (14.17271 -10.7455) 
continue (14.17574 -10.7410) (14.17876 -10.7364) (14.18178 -10.7319) 
continue (14.18480 -10.7268) (14.18782 -10.7306) (14.19085 -10.7170) 
continue (14.19387 -10.7117) (14.19689 -10.7069) (14.19991 -10.7032) 
continue (14.20293 -10.7039) (14.20596 -10.6940) (14.20898 -10.6876) 
continue (14.21200 -10.6828) (14.21502 -10.6785) (14.21804 -10.6808) 
continue (14.22107 -10.6681) (14.22409 -10.6631) (14.22711 -10.6585) 
continue (14.23013 -10.6537) (14.23315 -10.6491) (14.23618 -10.6488) 
continue (14.23920 -10.6425) (14.24222 -10.6344) (14.24524 -10.6304) 
continue (14.24826 -10.6266) (14.25129 -10.6257) (14.25431 -10.6164) 
continue (14.25733 -10.6106) (14.26035 -10.6139) (14.26337 -10.6028) 
continue (14.26640 -10.5994) (14.26942 -10.6001) (14.27244 -10.5918) 
continue (14.27546 -10.5963) (14.27848 -10.5861) (14.28151 -10.5853) 
continue (14.28453 -10.5893) (14.28755 -10.5787) (14.29057 -10.5769) 
continue (14.29359 -10.5755) (14.29662 -10.5743) (14.29964 -10.5743) 
continue (14.30266 -10.5686) (14.30568 -10.5646) (14.30870 -10.5604) 
continue (14.31173 -10.5563) (14.31475 -10.5548) (14.31777 -10.5523) 
continue (14.32079 -10.5473) (14.32381 -10.5444) (14.32684 -10.5406) 
continue (14.32986 -10.5373) (14.33288 -10.5334) (14.33590 -10.5301) 
continue (14.33892 -10.5268) (14.34195 -10.5233) (14.34497 -10.5195) 
continue (14.34799 -10.5156) (14.35101 -10.5122) (14.35403 -10.5089) 
continue (14.35706 -10.5052) (14.36008 -10.5010) (14.36310 -10.4977) 
continue (14.36612 -10.4942) (14.36914 -10.5025) (14.37217 -10.4862) 
continue (14.37519 -10.4826) (14.37821 -10.4788) (14.38123 -10.4747) 
continue (14.38425 -10.4710) (14.38728 -10.4672) (14.39030 -10.4631) 
continue (14.39332 -10.4596) (14.39634 -10.4558) (14.39936 -10.4527) 
continue (14.40239 -10.4491) (14.40541 -10.4448) (14.40843 -10.4400) 
continue (14.41145 -10.4370) (14.41447 -10.4318) (14.41750 -10.4281) 
continue (14.42052 -10.4245) (14.42354 -10.4207) (14.42656 -10.4160) 
continue (14.42958 -10.4122) (14.43261 -10.4080) (14.43563 -10.4061) 
continue (14.43865 -10.4138) (14.44167 -10.3981) (14.44469 -10.3928) 
continue (14.44772 -10.3894) (14.45074 -10.3844) (14.45376 -10.3801) 
continue (14.45678 -10.3765) (14.45980 -10.3721) (14.46283 -10.3689) 
continue (14.46585 -10.3641) (14.46887 -10.3603) (14.47189 -10.3590) 
continue (14.47491 -10.3600) (14.47794 -10.3480) (14.48096 -10.3443) 
continue (14.48398 -10.3400) (14.48700 -10.3362) (14.49002 -10.3325) 
continue (14.49305 -10.3294) (14.49607 -10.3325) (14.49909 -10.3209) 
continue (14.50211 -10.3162) (14.50513 -10.3126) (14.50816 -10.3086) 
continue (14.51118 -10.3250) (14.51420 -10.3008) (14.51722 -10.2973) 
continue (14.52024 -10.2942) (14.52327 -10.2908) (14.52629 -10.2857) 
continue (14.52931 -10.3032) (14.53233 -10.2782) (14.53535 -10.2905) 
continue (14.53838 -10.2949) (14.54140 -10.2792) (14.54442 -10.2870) 
continue (14.54744 -10.2785) (14.55046 -10.2758) (14.55349 -10.2832) 
continue (14.55651 -10.2800) (14.55953 -10.2710) (14.56255 -10.2672) 
continue (14.56557 -10.2659) (14.56860 -10.2626) (14.57162 -10.2585) 
continue (14.57464 -10.2550) (14.57766 -10.2520) (14.58068 -10.2478) 
continue (14.58371 -10.2436) (14.58673 -10.2410) (14.58975 -10.2371) 
continue (14.59277 -10.2330) (14.59579 -10.2293) (14.59882 -10.2255) 
continue (14.60184 -10.2224) (14.60486 -10.2188) (14.60788 -10.2186) 
continue (14.61090 -10.2124) (14.61393 -10.2116) (14.61695 -10.2063) 
continue (14.61997 -10.2036) (14.62299 -10.1994) (14.62601 -10.1975) 
continue (14.62904 -10.1917) (14.63206 -10.1889) (14.63508 -10.1865) 
continue (14.63810 -10.1828) (14.64112 -10.1792) (14.64415 -10.1760) 
continue (14.64717 -10.1727) (14.65019 -10.1695) (14.65321 -10.1666) 
continue (14.65623 -10.1632) (14.65926 -10.1937) (14.66228 -10.1564) 
continue (14.66530 -10.1522) (14.66832 -10.1493) (14.67134 -10.1452) 
continue (14.67437 -10.1429) (14.67739 -10.1391) (14.68041 -10.1369) 
continue (14.68343 -10.1323) (14.68645 -10.1301) (14.68948 -10.1255) 
continue (14.69250 -10.1220) (14.69552 -10.1182) (14.69854 -10.1151) 
continue (14.70156 -10.1118) (14.70459 -10.1087) (14.70761 -10.1081) 
continue (14.71063 -10.1013) (14.71365 -10.0984) (14.71667 -10.0956) 
continue (14.71970 -10.0919) (14.72272 -10.0883) (14.72574 -10.0849) 
continue (14.72876 -10.0817) (14.73178 -10.0778) (14.73481 -10.0744) 
continue (14.73783 -10.0717) (14.74085 -10.0672) (14.74387 -10.0662) 
continue (14.74689 -10.0609) (14.74991 -10.0569) (14.75294 -10.0531) 
continue (14.75596 -10.0495) (14.75898 -10.0453) (14.76200 -10.0447) 
continue (14.76502 -10.0392) (14.76805 -10.0348) (14.77107 -10.0308) 
continue (14.77409 -10.0296) (14.77711 -10.0260) (14.78013 -10.0186) 
continue (14.78316 -10.0173) (14.78618 -10.0114) (14.78920 -10.0381) 
continue (14.79222 -10.0054) (14.79524 -9.9984) (14.79827 -9.9943) 
continue (14.80129 -9.9908) (14.80431 -9.9883) (14.80733 -9.9824) 
continue (14.81035 -9.9781) (14.81338 -9.9731) (14.81640 -9.9687) 
continue (14.81942 -9.9645) (14.82244 -9.9588) (14.82546 -9.9581) 
continue (14.82849 -9.9502) (14.83151 -9.9473) (14.83453 -9.9432) 
continue (14.83755 -9.9537) (14.84057 -9.9404) (14.84360 -9.9271) 
continue (14.84662 -9.9206) (14.84964 -9.9154) (14.85266 -9.9096) 
continue (14.85568 -9.9062) (14.85871 -9.9011) (14.86173 -9.9093) 
continue (14.86475 -9.8989) (14.86777 -9.8852) (14.87079 -9.8814) 
continue (14.87382 -9.8742) (14.87684 -9.8884) (14.87986 -9.8687) 
continue (14.88288 -9.8619) (14.88590 -9.8761) (14.88893 -9.8535) 
continue (14.89195 -9.8589) (14.89497 -9.8570) (14.89799 -9.8611) 
continue (14.90101 -9.8650) (14.90404 -9.8783) (14.90706 -9.8933) 
continue (14.91008 -9.9296) (14.91310 -9.9274) (14.91612 -9.9535) 
continue (14.91915 -9.9503) (14.92217 -9.9448) (14.92519 -9.9400) 
continue (14.92821 -9.9361) (14.93123 -9.9321) (14.93426 -9.9287) 
continue (14.93728 -9.9248) (14.94030 -9.9225) (14.94332 -9.9178) 
continue (14.94634 -9.9130) (14.94937 -9.9089) (14.95239 -9.9048) 
continue (14.95541 -9.9000) (14.95843 -9.8959) (14.96145 -9.8917) 
continue (14.96448 -9.8877) (14.96750 -9.8837) (14.97052 -9.8794) 
continue (14.97354 -9.8765) (14.97656 -9.8706) (14.97959 -9.8664) 
continue (14.98261 -9.8623) (14.98563 -9.8579) (14.98865 -9.8535) 
continue (14.99167 -9.8490) (14.99470 -9.8445) (14.99772 -9.8408) 
continue (15.00074 -9.8368) (15.00376 -9.8338) (15.00678 -9.8325) 
continue (15.00981 -9.8287) (15.01283 -9.8251) (15.01585 -9.8233) 
continue (15.01887 -9.8209) (15.02189 -9.8194) (15.02492 -9.8175) 
continue (15.02794 -9.8134) (15.03096 -9.8147) (15.03398 -9.8082) 
continue (15.03700 -9.8092) (15.04003 -9.8024) (15.04305 -9.8009) 
continue (15.04607 -9.7987) (15.04909 -9.7945) (15.05211 -9.7922) 
continue (15.05514 -9.7907) (15.05816 -9.7909) (15.06118 -9.7894) 
continue (15.06420 -9.7856) (15.06722 -9.7849) (15.07025 -9.7842) 
continue (15.07327 -9.7823) (15.07629 -9.7795) (15.07931 -9.7791) 
continue (15.08233 -9.7725) (15.08536 -9.7700) (15.08838 -9.7671) 
continue (15.09140 -9.7654) (15.09442 -9.7647) (15.09744 -9.7610) 
continue (15.10047 -9.7596) (15.10349 -9.7566) (15.10651 -9.7557) 
continue (15.10953 -9.7641) (15.11255 -9.7475) (15.11558 -9.7455) 
continue (15.11860 -9.7397) (15.12162 -9.7392) (15.12464 -9.7379) 
continue (15.12766 -9.7350) (15.13069 -9.7336) (15.13371 -9.7291) 
continue (15.13673 -9.7281) (15.13975 -9.7260) (15.14277 -9.7229) 
continue (15.14580 -9.7256) (15.14882 -9.7187) (15.15184 -9.7215) 
continue (15.15486 -9.7221) (15.15788 -9.7214) (15.16091 -9.7131) 
continue (15.16393 -9.7181) (15.16695 -9.7191) (15.16997 -9.7106) 
continue (15.17299 -9.7121) (15.17602 -9.7148) (15.17904 -9.7117) 
continue (15.18206 -9.7043) (15.18508 -9.7181) (15.18810 -9.7035) 
continue (15.19113 -9.7097) (15.19415 -9.7114) (15.19717 -9.7054) 
continue (15.20019 -9.7321) (15.20321 -9.6964) (15.20624 -9.6966) 
continue (15.20926 -9.6999) (15.21228 -9.6896) (15.21530 -9.6823) 
continue (15.21832 -9.6839) (15.22135 -9.6776) (15.22437 -9.6784) 
continue (15.22739 -9.6832) (15.23041 -9.6757) (15.23343 -9.6744) 
continue (15.23646 -9.6753) (15.23948 -9.6898) (15.24250 -9.6728) 
continue (15.24552 -9.6668) (15.24854 -9.6621) (15.25157 -9.6630) 
continue (15.25459 -9.6755) (15.25761 -9.6613) (15.26063 -9.6640) 
continue (15.26365 -9.6677) (15.26668 -9.6581) (15.26970 -9.6567) 
continue (15.27272 -9.6547) (15.27574 -9.6634) (15.27876 -9.6885) 
continue (15.28179 -9.6687) (15.28481 -9.6435) (15.28783 -9.8926) 
continue (15.29085 -9.6568) (15.29387 -9.6508) (15.29690 -9.6549) 
continue (15.29992 -9.6452) (15.30294 -9.6352) (15.30596 -9.6347) 
continue (15.30898 -9.6326) (15.31201 -9.6315) (15.31503 -9.6272) 
continue (15.31805 -9.6256) (15.32107 -9.6383) (15.32409 -9.6469) 
continue (15.32712 -9.6286) (15.33014 -9.6323) (15.33316 -9.6295) 
continue (15.33618 -9.6242) (15.33920 -9.6252) (15.34223 -9.6249) 
continue (15.34525 -9.6186) (15.34827 -9.6173) (15.35129 -9.6366) 
continue (15.35431 -9.6221) (15.35734 -9.6129) (15.36036 -9.6177) 
continue (15.36338 -9.6233) (15.36640 -9.6163) (15.36942 -9.6082) 
continue (15.37244 -9.6095) (15.37547 -9.6139) (15.37849 -9.6112) 
continue (15.38151 -9.6074) (15.38453 -9.6156) (15.38755 -9.6317) 
continue (15.39058 -9.7378) (15.39360 -9.7627) (15.39662 -9.6436) 
continue (15.39964 -9.6259) (15.40266 -9.6847) (15.40569 -9.8557) 
continue (15.40871 -9.7411) (15.41173 -9.6122) (15.41475 -9.6227) 
continue (15.41777 -9.6643) (15.42080 -9.6269) (15.42382 -9.6862) 
continue (15.42684 -9.7160) (15.42986 -9.6157) (15.43288 -9.6121) 
continue (15.43591 -9.6087) (15.43893 -9.6214) (15.44195 -9.6417) 
continue (15.44497 -9.6201) (15.44799 -9.6196) (15.45102 -9.6177) 
continue (15.45404 -9.6115) (15.45706 -9.6071) (15.46008 -9.6387) 
continue (15.46310 -9.6900) (15.46613 -9.7569) (15.46915 -9.6613) 
continue (15.47217 -9.6262) (15.47519 -9.6366) (15.47821 -9.7202) 
continue (15.48124 -9.6951) (15.48426 -9.6691) (15.48728 -9.7332) 
continue (15.49030 -9.6784) (15.49332 -9.6388) (15.49635 -9.6616) 
continue (15.49937 -9.6436) (15.50239 -9.6339) (15.50541 -9.6551) 
continue (15.50843 -9.6786) (15.51146 -9.7022) (15.51448 -9.7224) 
continue (15.51750 -9.9298) (15.52052 -10.5299) (15.52354 -10.5358) 
continue (15.52657 -10.5417) (15.52959 -10.5476) (15.53261 -10.5535) 
continue (15.53563 -10.5605) (15.53865 -10.5706) (15.54168 -10.5962) 
continue (15.54470 -10.6336) (15.54772 -10.6087) (15.55074 -10.5921) 
continue (15.55376 -10.6055) (15.55679 -10.6126) (15.55981 -10.6140) 
continue (15.56283 -10.6197) (15.56585 -10.6263) (15.56887 -10.6304) 
continue (15.57190 -10.6354) (15.57492 -10.6423) (15.57794 -10.7284) 
continue (15.58096 -10.9688) (15.58398 -10.8876) (15.58701 -10.6969) 
continue (15.59003 -10.6532) (15.59305 -10.6321) (15.59607 -10.6627) 
continue (15.59909 -10.6955) (15.60212 -10.7021) (15.60514 -10.7088) 
continue (15.60816 -10.7156) (15.61118 -10.7228) (15.61420 -10.7306) 
continue (15.61723 -10.7375) (15.62025 -10.7432) (15.62327 -10.7403) 
continue (15.62629 -10.7272) (15.62931 -10.7387) (15.63234 -10.8481) 
continue (15.63536 -10.9603) (15.63838 -10.9303) (15.64140 -10.9002) 
continue (15.64442 -10.8520) (15.64745 -10.8087) (15.65047 -10.8314) 
continue (15.65349 -10.8570) (15.65651 -10.9339) (15.65953 -10.9919) 
continue (15.66256 -10.9529) (15.66558 -10.9193) (15.66860 -10.8898) 
continue (15.67162 -10.8717) (15.67464 -10.8740) (15.67767 -10.8765) 
continue (15.68069 -10.8817) (15.68371 -10.8871) (15.68673 -10.9471) 
continue (15.68975 -11.0387) (15.69278 -11.0742) (15.69580 -11.0156) 
continue (15.69882 -10.9658) (15.70184 -10.9526) (15.70486 -10.9397) 
continue (15.70789 -10.9898) (15.71091 -11.0930) (15.71393 -11.1798) 
continue (15.71695 -11.0761) (15.71997 -10.9924) (15.72300 -10.9903) 
continue (15.72602 -11.0242) (15.72904 -11.0534) (15.73206 -11.0351) 
continue (15.73508 -11.0175) (15.73811 -11.0893) (15.74113 -11.2888) 
continue (15.74415 -11.6689) (15.74717 -11.3910) (15.75019 -11.1883) 
continue (15.75322 -11.0788) (15.75624 -11.0844) (15.75926 -11.0901) 
continue (15.76228 -11.1078) (15.76530 -11.1400) (15.76833 -11.1725) 
continue (15.77135 -11.2005) (15.77437 -11.3054) (15.77739 -11.5420) 
continue (15.78041 -11.6442) (15.78344 -11.7141) (15.78646 -11.7974) 
continue (15.78948 -11.7597) (15.79250 -11.7185) (15.79552 -11.6809) 
continue (15.79855 -11.7102) (15.80157 -11.7431) (15.80459 -11.7786) 
continue (15.80761 -11.7831) (15.81063 -11.7861) (15.81366 -11.7891) 
continue (15.81668 -11.8125) (15.81970 -11.8406) (15.82272 -11.8700) 
continue (15.82574 -11.8721) (15.82877 -11.8742) (15.83179 -11.8764) 
continue (15.83481 -11.8909) (15.83783 -11.9090) (15.84085 -11.9280) 
continue (15.84388 -11.9489) (15.84690 -11.9758) (15.84992 -12.0046) 
continue (15.85294 -12.0156) (15.85596 -12.0054) (15.85899 -11.9954) 
continue (15.86201 -12.0210) (15.86503 -12.0634) (15.86805 -12.1104) 
continue (15.87107 -12.1681) (15.87410 -12.2391) (15.87712 -12.3241) 
continue (15.88014 -12.4298) (15.88316 -12.4275) (15.88618 -12.4219) 
continue (15.88921 -12.4162) (15.89223 -12.3983) (15.89525 -12.3529) 
continue (15.89827 -12.3117) (15.90129 -12.2742) (15.90432 -12.2732) 
continue (15.90734 -12.3077) (15.91036 -12.3453) (15.91338 -12.3868) 
continue (15.91640 -12.4693) (15.91943 -12.5714) (15.92245 -12.7050) 
continue (15.92547 -12.8286) (15.92849 -12.8920) (15.93151 -12.9663) 
continue (15.93454 -13.0560) (15.93756 -13.0382) (15.94058 -12.9891) 
continue (15.94360 -12.9450) (15.94662 -12.9050) (15.94965 -12.8922) 
continue (15.95267 -12.8975) (15.95569 -12.9029) (15.95871 -12.9084) 
continue (15.96173 -12.8821) (15.96476 -12.7820) (15.96778 -12.7007) 
continue (15.97080 -12.6322) (15.97382 -12.5731) (15.97684 -12.5800) 
continue (15.97987 -12.6022) (15.98289 -12.6257) (15.98591 -12.6505) 
continue (15.98893 -12.6874) (15.99195 -12.7719) (15.99497 -12.8770) 
continue (15.99800 -13.0159) (16.00102 -13.0400) (16.00404 -13.0512) 
continue (16.00706 -13.0590) (16.01008 -13.0632) (16.01311 -13.0675) 
continue (16.01613 -13.1200) (16.01915 -13.2272) (16.02217 -13.3699) 
continue (16.02519 -13.5335) (16.02822 -13.7352) (16.03124 -14.1094) 
continue (16.03426 -13.5070) (16.03728 -13.2639) (16.04030 -13.1595) 
continue (16.04333 -13.1445) (16.04635 -13.1301) (16.04937 -13.1195) 
continue (16.05239 -13.1103) (16.05541 -13.1133) (16.05844 -13.3402) 
continue (16.06146 -13.8439) (16.06448 -13.7812) (16.06750 -13.6671) 
continue (16.07052 -13.7483) (16.07355 -13.8483) (16.07657 -13.9723) 
continue (16.07959 -14.1320) (16.08261 -14.3872) (16.08563 -15.0861) 
continue (16.08866 -15.0573) (16.09168 -14.9085) (16.09470 -14.7978) 
continue (16.09772 -14.7703) (16.10074 -14.8647) (16.10377 -14.9854) 
continue (16.10679 -15.1533) (16.10981 -15.2758) (16.11283 -15.3810) 
continue (16.11585 -15.5345) (16.11888 -15.8574) (16.12190 -16.4004) 
continue (16.12492 -16.4594) (16.12794 -16.5276) (16.13096 -16.5833) 
continue (16.13399 -16.6407) (16.13701 -16.7061) (16.14003 -16.7830) 
continue (16.14305 -16.8614) (16.14607 -16.8982) (16.14910 -16.9384) 
continue (16.15212 -16.9827) (16.15514 -17.0323) (16.15816 -17.0896) 
continue (16.16118 -17.1557) (16.16421 -17.2337) (16.16723 -17.3221) 
continue (16.17025 -17.4296) (16.17327 -17.4945) (16.17629 -17.5164) 
continue (16.17932 -17.5394) (16.18234 -17.5862) (16.18536 -17.6486) 
continue (16.18838 -17.7216) (16.19140 -17.7792) (16.19443 -17.8367) 
continue (16.19745 -17.8936) (16.20047 -17.9503) (16.20349 -18.0157) 
continue (16.20651 -18.0926) (16.20954 -18.1566) (16.21256 -18.2197) 
continue (16.21558 -18.2936) (16.21860 -18.3649) (16.22162 -18.4367) 
continue (16.22465 -18.4976) (16.22767 -18.5685) (16.23069 -18.6347) 
continue (16.23371 -18.6991) (16.23673 -18.7747) (16.23976 -18.8535) 
continue (16.24278 -18.9181) (16.24580 -18.9940) (16.24882 -19.0585) 
continue (16.25184 -19.1268) (16.25487 -19.2078) (16.25789 -19.2886) 
continue (16.26091 -19.3525) (16.26393 -19.4276) (16.26695 -19.5184) 
continue (16.26998 -19.4824) (16.27300 -19.4340) (16.27602 -19.4096) 
continue (16.27904 -19.4701) (16.28206 -19.5403) (16.28509 -19.6241) 
continue (16.28811 -19.7034) (16.29113 -19.7754) (16.29415 -19.8617) 
continue (16.29717 -19.9695) (16.30020 -20.0475) (16.30322 -20.1214) 
continue (16.30624 -20.2106) (16.30926 -20.3230) (16.31228 -20.3936) 
continue (16.31531 -20.4702) (16.31833 -20.5634) (16.32135 -20.6821) 
continue (16.32437 -20.7550) (16.32739 -20.8381) (16.33042 -20.9408) 
continue (16.33344 -21.0180) (16.33646 -21.1053) (16.33948 -21.2147) 
continue (16.34250 -21.2952) (16.34553 -21.3747) (16.34855 -21.4720) 
continue (16.35157 -21.5659) (16.35459 -21.6613) (16.35761 -21.7656) 
continue (16.36064 -21.8552) (16.36366 -21.9263) (16.36668 -22.0114) 
continue (16.36970 -22.1107) (16.37272 -22.0234) (16.37575 -22.0643) 
continue (16.37877 -22.1252) (16.38179 -22.1837) (16.38481 -22.2427) 
continue (16.38783 -22.3111) (16.39086 -22.3922) (16.39388 -22.4919) 
continue (16.39690 -22.5727) (16.39992 -22.6687) (16.40294 -22.7922) 
continue (16.40597 -22.9207) (16.40899 -22.9933) (16.41201 -23.0807) 
continue (16.41503 -23.1900) (16.41805 -23.3366) (16.42108 -23.4852) 
continue (16.42410 -23.5586) (16.42712 -23.6469) (16.43014 -23.7579) 
continue (16.43316 -23.9074) (16.43619 -24.0926) (16.43921 -24.2120) 
continue (16.44223 -24.3772) (16.44525 -24.5194) (16.44827 -24.6312) 
continue (16.45130 -24.7822) (16.45432 -24.8841) (16.45734 -25.0056) 
continue (16.46036 -25.1541) (16.46338 -25.2556) (16.46641 -25.3883) 
continue (16.46943 -25.5298) (16.47245 -25.6376) (16.47547 -25.7814) 
continue (16.47849 -25.9161) (16.48152 -26.0269) (16.48454 -26.1760) 
continue (16.48756 -26.3050) (16.49058 -26.4216) (16.49360 -26.5814) 
continue (16.49663 -26.7118) (16.49965 -26.8287) (16.50267 -26.9892) 
continue (16.50569 -27.1113) (16.50871 -27.2016) (16.51174 -27.3157) 
#
# log of starting radius in cm
radius 17.00
#
# log of hydrogen density - cm^-3 -
hden 2.50
#
# this is a sphere with large covering factor, sphere is expanding (photons do not interact with line-absorbing gas on far side)
sphere
covering factor 1.0
#
# dimensionless ratio of densities of ionizing photons to hydrogen
ionization parameter -2.11
#
# abundances taken from Gutkin 2016
abundances he=-1.08 li=-12.14 be=-11.78 b=-10.62 c=-4.68 n=-6.16 o=-4.32 f=-8.62 ne=-5.16 na=-6.85 mg=-5.60 al=-6.71 si=-5.63 p=-7.72 s=-6.02 cl=-7.68 ar=-6.78 k=-8.07 ca=-6.82 sc=-10.01 ti=-8.16 v=-9.18 cr=-7.51 mn=-7.79 fe=-5.66 co=-8.26 ni=-6.93 cu=-8.97 zn=-8.58
#
# depletion factors taken from Gutkin 2016 as well
metals deplete "ISM_gutkin.dep"
#
# calculation will stop when electron temperature falls below this value
stop temperature 4000
#
# add grains, with abundances scaled to match those assumed for carbon and silicon above, PAHs are important at 10^5 AA only
grains Orion
#
# save output spectrum
save continuum units Angstroms "sed_out_3.48e-06_6.24e-04_8.52e-03.txt"
